-0.028956	-0.037263	0.007082	0.026966	0.006502	-0.026409	-0.004955	-0.037041	-0.019847	0.001694	-0.020004	-0.010868	-0.012717	0.003541
-0.040533	-0.053092	-0.048828	-0.063112	-0.063545	-0.040917	-0.007037	-0.040920	-0.074049	-0.007671	-0.078247	-0.043321	-0.032711	-0.084020
-0.029196	-0.037173	-0.025093	-0.030707	-0.027303	-0.064696	-0.022315	-0.024248	-0.041434	-0.001707	-0.041172	-0.047170	-0.038740	-0.006073
0.017548	0.002544	0.009190	-0.053810	-0.005694	-0.035779	-0.033967	-0.047688	-0.082523	-0.015548	-0.063724	-0.055572	-0.055163	-0.051181
0.024860	0.003439	0.008341	0.027633	-0.003217	-0.017073	-0.047815	-0.031515	0.028904	0.012957	-0.083992	0.009463	0.052716	-0.010435
0.006417	0.014229	0.025400	0.008336	0.034297	0.034877	-0.001634	0.033492	0.026245	0.021260	0.088516	0.038162	0.032993	0.023076
0.014522	-0.026155	-0.000236	-0.020278	-0.003482	-0.066155	0.003156	0.020862	-0.045421	0.015878	-0.066934	-0.010756	-0.046964	-0.020303
0.067689	0.068606	0.000707	0.047169	-0.002794	0.079172	0.043279	0.031124	0.094168	0.028593	0.085324	0.044890	0.071947	0.065781
0.034343	0.026808	0.005408	0.019177	0.023506	0.011132	0.015695	0.015514	0.003519	0.014380	0.030273	0.005156	-0.010974	0.012690
-0.019384	-0.034298	-0.001799	0.014492	0.010873	0.045681	-0.005239	-0.002465	-0.003519	0.021985	0.006616	-0.012897	-0.022477	0.035670
0.038182	0.004792	0.012064	-0.017486	0.002363	0.053759	0.029429	-0.009927	-0.007075	-0.000796	0.040740	0.033260	-0.012140	0.011281
0.021720	0.010800	-0.007844	0.018352	-0.017001	-0.001117	0.014396	0.003734	-0.000889	-0.002835	-0.001247	0.016014	0.013335	0.017931
0.024365	-0.004546	0.003969	0.029354	0.039669	-0.012337	0.011369	-0.012500	-0.026091	-0.006497	0.007428	-0.004972	-0.009341	0.031574
0.022937	-0.028792	0.014419	0.007039	0.010818	-0.007935	-0.032991	-0.030654	0.019854	-0.014254	-0.037162	-0.003469	-0.015553	-0.024843
0.090485	-0.009423	-0.004911	0.000000	0.009411	-0.018366	-0.034951	-0.032293	-0.036395	-0.009556	0.063385	0.020970	0.041921	-0.006286
-0.036626	-0.036037	-0.007645	-0.138218	-0.013659	-0.078810	-0.036217	-0.067177	-0.077034	-0.019484	-0.036183	-0.031023	-0.069022	-0.008384
-0.101627	-0.063938	-0.049859	-0.061080	-0.079361	-0.202176	-0.090261	-0.191243	-0.218403	-0.041698	-0.133183	-0.056992	-0.031119	-0.106207
0.073387	0.028763	0.071806	-0.045666	0.025203	0.104805	-0.000829	0.062205	0.080139	0.032660	0.011557	0.021078	0.044642	0.023623
-0.046366	-0.072471	-0.044979	-0.066375	-0.070484	-0.028028	-0.017327	0.004066	0.005727	-0.009976	-0.085512	-0.044742	-0.038796	-0.067604
0.058350	0.028362	-0.001276	-0.020966	-0.039519	-0.024610	0.049502	0.002432	0.021455	0.018175	0.012759	0.046161	0.001883	0.002806
-0.003588	0.026598	0.000160	-0.144804	-0.000388	-0.093569	0.002406	-0.048952	-0.074656	0.000840	0.001359	-0.035911	0.019222	-0.002806
-0.009618	-0.020705	0.024988	-0.089755	-0.005054	0.114931	0.025424	0.041637	0.088534	0.021083	0.047650	0.004400	0.028299	0.024266
0.077980	0.023329	0.013148	-0.067270	0.029945	0.103589	0.061969	0.090792	0.095209	0.022970	0.071521	0.036286	0.010730	0.058399
-0.027259	-0.056249	-0.023556	-0.161630	-0.074981	-0.002059	-0.078506	-0.061849	-0.027519	-0.030439	-0.047777	-0.035737	-0.023990	0.004207
-0.076979	-0.079516	-0.042259	0.082715	-0.052732	-0.061203	-0.029118	-0.035489	-0.082727	-0.009984	-0.038513	-0.042389	-0.061386	-0.035350
0.050074	0.068475	0.048845	0.148537	0.042076	0.117899	0.048106	0.090223	0.113373	0.028936	0.103337	0.050854	0.044621	0.062646
-0.038158	-0.017000	0.000547	0.085787	0.025225	-0.025694	-0.014687	-0.033566	-0.004172	0.007284	0.013810	-0.002632	-0.002484	-0.017988
0.039390	0.064149	0.002730	-0.006490	0.036296	0.020808	0.004395	0.016161	0.004172	0.015250	0.028331	0.051543	-0.010763	0.048439
-0.010402	-0.010688	0.000156	0.042752	0.000000	0.052519	-0.008696	0.052056	0.055651	0.009005	-0.019093	0.012524	-0.037266	-0.000360
0.010979	0.031208	0.018403	0.071710	-0.010125	-0.036717	0.007796	0.028574	-0.010884	-0.004207	-0.015306	-0.010368	0.102670	0.026056
-0.043173	-0.028119	-0.017597	-0.059824	-0.046054	-0.046162	-0.027962	-0.063975	-0.061557	0.007873	-0.016598	-0.008737	-0.019939	-0.043048
0.002165	-0.051320	-0.002898	-0.067196	-0.001671	-0.021449	-0.033423	-0.039040	-0.054368	-0.022247	-0.021179	-0.024897	-0.025140	0.018972
-0.032654	-0.006928	-0.021965	-0.023347	-0.012459	-0.035203	-0.009137	-0.035760	0.008902	0.009223	0.002296	0.025418	0.008945	0.006811
0.068573	0.024691	0.022592	0.051251	0.014932	0.048534	0.045218	0.052788	0.058083	0.016981	0.056324	0.072674	0.048639	0.034324
0.017772	0.012341	0.003208	0.020886	-0.018281	0.006607	0.013985	0.006884	0.017608	0.000000	0.041660	0.000807	0.031623	0.008764
0.044404	0.029000	0.017043	-0.004984	0.055853	-0.027190	-0.050066	-0.004584	-0.013436	-0.028657	0.005992	0.015771	-0.000597	0.005375
0.059733	0.073039	0.029665	0.011243	-0.017600	-0.016783	0.037811	0.050757	0.015482	0.005655	0.033502	0.007281	0.024198	0.026117
-0.034100	-0.003172	0.011344	0.086860	-0.016274	-0.031151	-0.014158	-0.017621	-0.029107	-0.003202	-0.013361	-0.002289	-0.017940	0.004053
0.040068	0.020208	0.023390	-0.000715	0.007763	0.022653	0.003500	0.023426	0.029107	-0.004062	0.047831	0.020960	0.048810	0.055713
0.067929	0.114557	0.015791	-0.031502	0.038720	-0.009642	0.013305	0.017929	0.033253	0.007930	0.015032	0.013911	0.027954	0.032117
-0.023369	0.018255	-0.009903	-0.002959	-0.006284	0.025516	0.024409	0.045162	0.053078	0.027789	0.085001	-0.001451	-0.010512	0.018653
-0.021334	0.001908	0.027749	0.007380	0.049578	-0.016936	0.005927	0.011483	-0.051097	0.032985	-0.067442	-0.003676	-0.023591	0.015100
0.052268	0.018373	0.022856	0.070723	0.006727	-0.048123	-0.036446	-0.017616	-0.044496	0.005580	0.014295	-0.003150	0.039682	0.055939
-0.029115	-0.035482	-0.017448	-0.018438	-0.021838	-0.028988	-0.019736	0.012903	-0.033652	-0.007336	0.023558	-0.011377	-0.031882	-0.013922
-0.004229	-0.020870	0.009072	-0.022584	-0.016200	-0.018630	-0.012700	0.000675	-0.015086	0.024830	0.039936	0.017668	0.066929	0.013300
0.026605	-0.001406	-0.007960	-0.026520	-0.017276	-0.062427	-0.068208	-0.087619	-0.077876	-0.038604	-0.003708	-0.055504	-0.003111	0.024326
0.007716	-0.029237	0.010233	0.013589	0.067751	0.058305	-0.021195	0.005226	0.005853	-0.034299	0.019337	0.010534	-0.008383	0.041780
0.009781	0.032976	-0.003859	0.041314	0.011773	0.003532	0.075572	0.027902	0.012752	0.007913	0.004220	0.037216	0.016851	-0.013953
0.000156	-0.002384	0.001242	0.000231	0.020276	-0.084609	-0.048512	-0.058138	-0.042355	0.004909	-0.020876	0.010732	-0.028638	-0.022106
0.009283	0.022477	0.006119	0.017192	0.014235	0.052354	0.022128	0.050140	0.027265	0.026723	0.014153	0.017010	0.001239	-0.003294
-0.003219	-0.017126	0.005946	0.003856	-0.013877	-0.061997	-0.020096	-0.028128	-0.051599	-0.020373	-0.005160	-0.037657	-0.021824	-0.020273
0.041179	0.037132	0.007941	0.042333	0.024422	-0.011691	-0.003941	0.012681	-0.012396	0.003138	0.082687	0.016980	0.003606	0.053521
0.036113	0.012478	0.013896	0.066530	-0.010545	0.113555	0.031717	0.068054	0.113062	-0.003138	0.030547	0.012321	-0.001812	-0.016618
-0.064477	-0.019984	0.036010	-0.033867	-0.009943	0.069311	0.044291	0.030016	0.068845	0.018050	-0.034776	0.040952	-0.017097	-0.070802
0.028305	-0.017876	0.023578	-0.029847	-0.009683	-0.005461	-0.020032	-0.000672	0.001039	-0.013325	0.015492	-0.021934	-0.016677	-0.014032
0.030474	0.016486	0.029642	-0.003903	0.000720	0.030720	0.030016	0.044072	0.040700	0.021034	-0.006610	-0.002822	0.023802	-0.019070
0.029433	0.021887	0.003037	0.004008	-0.018903	-0.011208	0.013351	0.003853	-0.023201	0.028136	-0.018493	-0.017633	0.013226	0.021663
-0.017784	0.008895	0.006024	0.045457	-0.001104	0.062425	0.014881	0.012107	0.033119	0.001508	-0.035165	0.002419	0.028370	0.004449
-0.006870	-0.032322	-0.015652	0.003541	-0.019027	-0.056543	-0.007871	-0.029566	-0.038031	-0.006007	-0.046414	-0.013763	-0.042502	-0.063775
0.033442	-0.015562	-0.002777	0.009518	-0.022858	-0.034746	-0.007933	-0.011812	-0.018213	0.003600	-0.018439	-0.032211	0.032842	-0.015767
-0.022501	-0.040623	0.003701	-0.059608	-0.010459	-0.022343	-0.002659	-0.019327	-0.027954	0.010157	-0.034118	-0.007301	-0.035771	0.028279
-0.062482	-0.027512	-0.041096	-0.014088	-0.034869	-0.025173	-0.039786	-0.033530	-0.055645	-0.040000	-0.066207	-0.026472	-0.049719	-0.068374
0.061203	0.032752	0.039556	0.038274	0.032530	0.080129	0.035378	0.009695	0.034809	0.032250	-0.006841	0.024160	0.024893	0.056854
-0.020055	0.020589	0.012805	-0.026155	-0.005479	-0.068037	0.015801	0.006184	-0.077483	0.019565	0.053079	0.040828	0.052794	0.017156
-0.027959	-0.023318	-0.001340	0.023378	0.022891	0.026552	0.029429	0.080253	0.068675	0.000599	-0.001987	0.004359	-0.021584	-0.018530
-0.022944	-0.085654	0.013081	-0.038827	-0.027218	-0.049718	-0.011960	-0.028207	-0.045260	-0.014801	-0.068792	-0.015611	0.011043	0.017555
0.068565	-0.010608	0.012377	0.023520	0.005895	-0.009410	0.005942	-0.015727	0.005542	0.000000	0.031214	0.002400	0.018345	-0.003005
-0.001627	0.035544	0.013575	0.002387	0.015552	0.027410	0.042778	0.015727	0.031719	0.006543	0.069046	0.040980	0.046917	0.025111
-0.009960	-0.016306	-0.005495	-0.041147	-0.001931	-0.036919	-0.008281	-0.015727	-0.040966	0.009416	-0.012348	-0.028761	0.019343	0.036947
-0.017929	-0.010800	0.006080	-0.021581	-0.033009	-0.003587	-0.015015	0.024145	-0.046612	-0.009416	0.010930	0.011166	-0.013144	0.016897
-0.015628	-0.010479	0.001411	0.047092	-0.015277	-0.061793	-0.030611	-0.030772	-0.058132	-0.008327	-0.032509	-0.007506	-0.021705	0.002916
0.006512	-0.005991	-0.015756	0.011929	0.010965	-0.008110	0.012915	0.007947	0.028157	0.011262	-0.010463	-0.007256	-0.030117	-0.037647
0.017714	0.004176	-0.014735	-0.020185	-0.034933	0.009613	-0.001787	-0.003965	0.029324	-0.006483	-0.023290	-0.002610	0.002882	-0.021536
-0.052422	-0.026285	-0.011395	-0.035347	-0.008400	-0.056404	-0.004257	-0.072784	-0.040618	-0.017401	-0.047351	-0.026637	0.002339	-0.054251
-0.017458	-0.049259	0.007692	-0.021587	0.022932	0.027294	0.009386	0.010627	0.032405	0.000616	0.016868	0.005118	0.035367	0.006115
0.018837	-0.021128	0.003824	-0.006186	0.001647	-0.110999	-0.080321	-0.086820	-0.063550	-0.022225	0.056347	-0.012088	-0.062362	0.043344
0.050518	0.092745	0.055784	0.062896	0.068389	0.120148	0.051209	0.100815	0.113938	0.028491	0.040653	0.032531	0.028973	0.038277
0.046810	0.020817	0.011110	-0.002468	0.034004	-0.221197	-0.067857	-0.113190	-0.145478	-0.028491	-0.039767	-0.051954	0.030441	-0.004277
0.014380	0.116330	-0.005397	-0.004052	-0.005214	-0.018019	-0.020050	-0.047818	-0.043872	-0.024751	-0.057890	-0.062450	-0.033489	-0.065301
0.074895	0.033905	0.053461	0.041318	0.027621	0.085496	0.061690	0.072417	0.101434	0.036860	0.028102	0.044294	0.020154	0.032335
-0.007196	-0.023800	-0.018146	-0.016587	-0.004733	-0.052973	-0.053101	-0.024598	-0.080804	0.002528	-0.020839	-0.061259	-0.012433	-0.040142
-0.044138	-0.041689	-0.050006	-0.094852	-0.064830	-0.183922	-0.086155	-0.135645	-0.272943	-0.068130	-0.174445	-0.075804	-0.138024	-0.113307
0.008979	-0.026725	-0.023677	-0.018743	-0.022845	0.015267	-0.005962	0.087011	0.013731	-0.021229	-0.068562	0.004156	-0.065414	-0.015613
-0.057204	-0.138365	-0.065474	-0.043502	-0.036441	-0.159848	-0.020042	0.030572	-0.096761	-0.160402	-0.139097	-0.016825	-0.059116	-0.121725
0.074533	0.070654	0.071047	-0.007045	0.048691	0.008848	0.023840	-0.024870	-0.007981	0.006462	0.034401	0.019084	0.007187	-0.018938
-0.025159	-0.003841	-0.012853	-0.044440	0.021548	-0.011629	0.014650	0.008895	-0.015248	0.025542	0.005875	0.072104	-0.012084	0.041586
0.009128	0.000019	-0.034174	-0.014615	-0.002328	-0.153225	-0.072047	-0.003225	-0.142100	-0.019909	-0.082052	-0.042727	-0.093220	-0.056591
0.059196	0.040751	0.069534	0.097580	0.052225	-0.066444	0.013247	-0.099276	0.063109	0.046320	0.117820	-0.018248	0.013869	0.049811
0.009443	-0.039494	-0.021325	-0.101477	-0.078999	-0.059324	-0.012674	-0.006264	-0.010825	-0.013880	-0.107199	-0.065531	-0.003038	-0.171419
-0.058518	-0.020125	0.032134	0.005839	-0.006807	0.167112	0.079977	0.060095	0.163012	0.077761	0.016900	0.038189	0.050211	0.041463
-0.030677	0.000155	0.042105	0.028425	0.053200	0.069200	0.029974	-0.014473	0.070569	0.022044	0.023227	0.043762	-0.013468	-0.015278
0.132043	0.138566	0.043662	0.071988	0.038121	0.097422	0.058470	0.042810	0.016305	0.011889	0.068379	0.031963	0.092197	0.018482
-0.071526	-0.002013	-0.047838	0.060093	-0.004042	-0.049741	-0.019812	-0.009910	-0.013179	-0.002093	0.001599	-0.033520	-0.002112	-0.000883
0.030285	0.016210	0.031540	0.071744	-0.006650	-0.003330	-0.008933	0.000830	0.084529	-0.022526	0.140327	0.051174	0.066549	0.061657
-0.011699	-0.006687	-0.005724	-0.027058	-0.027430	-0.145843	-0.055342	-0.107574	-0.212618	-0.008609	-0.061388	-0.084245	-0.063309	-0.032818
-0.039809	0.020275	0.009363	0.003642	0.024832	0.059943	-0.022108	0.049536	0.129643	-0.001411	-0.030864	0.025159	0.068746	-0.017640
-0.025490	-0.022391	-0.011486	-0.035383	-0.054192	-0.090656	-0.093373	-0.093905	-0.051172	-0.027769	-0.105815	0.024001	-0.041288	-0.098000
-0.030794	-0.055080	-0.045164	-0.075014	-0.040328	-0.072935	-0.156519	-0.146792	-0.121994	-0.067857	-0.068745	-0.048213	-0.059150	-0.033304
0.069405	0.097020	0.068744	0.093902	0.037161	0.124030	0.071226	0.123366	0.184790	0.084506	0.169859	0.090412	0.083760	0.104750
0.010009	0.011316	0.025508	-0.013489	0.018854	0.008788	-0.007758	-0.056749	-0.016305	-0.003002	-0.009224	-0.002683	0.001697	-0.055439
-0.032534	-0.002330	-0.058144	-0.031394	0.011605	-0.161050	-0.095440	-0.023191	-0.048952	-0.054128	-0.102731	-0.040418	-0.050437	-0.020353
0.056903	0.011405	0.006407	0.044651	0.001153	0.013855	0.060772	0.051336	0.074463	0.032856	0.042850	0.016736	0.066356	0.027909
0.004132	0.019953	-0.004720	-0.012555	-0.002693	-0.072830	-0.015063	-0.067402	-0.012292	0.000731	-0.000777	0.024288	0.025923	0.000588
0.042066	0.006358	-0.007314	0.030871	0.079569	-0.477634	-0.005472	-0.079556	-0.129348	0.023543	0.054828	-0.022160	0.046878	-0.006368
-0.006151	-0.039267	-0.018690	-0.007057	0.004968	0.106708	-0.025881	0.080007	0.086720	0.020068	0.057628	-0.041963	0.020071	-0.009509
0.001167	-0.064433	0.050925	0.005695	0.050390	0.127258	-0.003525	0.055533	0.107696	-0.000746	0.084832	0.013759	0.013160	0.116336
0.062216	-0.010309	0.010238	-0.007296	-0.016288	0.096569	0.034196	0.040021	0.047374	0.022566	0.022576	-0.018110	-0.002243	0.066623
0.027346	0.027801	0.016559	0.063608	0.033970	0.120642	0.040467	0.024424	0.077070	-0.007971	0.077766	0.025009	0.031156	0.041498
0.070830	0.015937	-0.002434	-0.004735	0.008561	0.025413	0.023004	-0.043817	-0.027885	-0.006553	-0.001380	-0.005625	-0.016288	-0.054513
0.017478	-0.002098	0.005184	0.037415	0.030854	-0.000945	-0.018263	-0.017654	0.013064	0.023112	0.099101	0.024535	0.035710	0.010226
0.039613	0.008662	0.022190	-0.013318	0.007333	-0.080399	-0.004741	0.052055	-0.033651	-0.004307	0.003629	-0.001244	-0.004810	-0.038120
0.042663	0.018439	0.005295	0.010795	0.018880	0.056416	-0.007897	0.019338	0.013334	0.040733	0.009345	-0.138292	-0.004497	0.007638
-0.000018	-0.034387	0.009063	-0.017200	-0.002809	-0.041631	-0.054829	-0.069275	-0.034362	-0.025090	0.034620	-0.049270	-0.017209	-0.062040
0.071488	0.040469	0.026512	0.002994	0.018889	0.051774	-0.050458	0.058355	0.069500	0.021638	0.006110	0.020273	-0.006416	0.061114
0.017739	0.027691	-0.002576	-0.026836	-0.018264	-0.048744	-0.050241	-0.053290	-0.057241	0.030563	-0.041103	0.007954	-0.016882	-0.017757
0.005855	-0.002103	0.015310	-0.013026	0.007780	-0.053898	-0.065182	-0.075631	-0.094357	0.008666	-0.019401	-0.021601	-0.013201	0.018271
0.055365	-0.014008	-0.015358	-0.036895	-0.023206	-0.127012	-0.076821	-0.092226	-0.084583	-0.032337	-0.039999	-0.033689	-0.014118	-0.029968
-0.045936	-0.012284	-0.013080	-0.028533	-0.022783	-0.086462	-0.100037	-0.063210	-0.060066	-0.039142	-0.054682	-0.047722	-0.029283	-0.022945
-0.054758	-0.046770	-0.015905	-0.003803	0.050936	-0.014609	-0.029436	-0.027431	-0.016471	-0.002852	-0.012862	0.016844	0.062001	-0.007621
0.051066	0.031248	0.035485	0.036019	-0.013665	0.028358	-0.013765	-0.008763	0.019043	0.003530	0.005041	0.101273	0.035285	0.009680
-0.064649	-0.029723	-0.008839	-0.060854	-0.031769	-0.131119	-0.106902	-0.039834	-0.103833	-0.013600	-0.093346	-0.018237	-0.037910	-0.043242
0.002580	0.013742	-0.014630	-0.020559	0.005793	0.041384	0.185364	-0.077330	0.018852	0.003611	0.058519	-0.017085	0.019980	-0.004077
-0.066254	-0.008012	-0.026648	-0.066474	-0.056032	-0.145179	0.017874	-0.087855	-0.071103	-0.032934	-0.081432	0.031619	-0.045893	-0.087218
0.058424	-0.014884	-0.008099	0.033398	-0.007200	0.041082	0.062132	-0.006774	0.034980	0.023536	0.096403	-0.007240	0.004520	-0.000495
-0.002315	-0.035358	-0.027233	-0.042605	-0.021214	-0.014307	-0.174249	-0.006820	-0.034980	-0.019817	0.005479	-0.013061	-0.041825	-0.024835
0.033877	0.016450	0.031547	0.035804	0.041314	0.086610	0.011408	0.099593	0.095996	0.021980	-0.009358	0.048650	0.013231	-0.003562
-0.010724	-0.027846	0.020090	0.053901	0.012402	-0.054310	-0.116334	-0.038525	-0.036166	0.005043	-0.075970	0.022584	0.078604	-0.008319
0.013786	0.012271	-0.027497	-0.046840	0.022399	0.040261	0.066925	0.084538	0.027371	0.020997	0.013741	0.008970	-0.012023	0.092725
0.003259	0.014919	0.009659	0.055013	-0.003589	0.103870	-0.048276	0.027430	0.075213	0.051960	-0.002868	0.043683	0.071338	0.016036
0.036781	0.010137	-0.021552	-0.022703	-0.013162	-0.113596	-0.049828	-0.110684	-0.099612	-0.010642	0.024033	-0.000744	0.005625	0.017257
-0.001503	-0.016276	-0.028617	0.032765	-0.026856	0.016406	-0.061615	-0.046731	0.009833	0.001460	0.002627	0.075727	0.020797	0.049836
-0.001108	0.057792	0.034036	0.014546	0.024535	-0.104376	-0.128325	-0.117869	-0.086302	-0.038354	0.045126	-0.042350	0.004112	0.010935
-0.032185	0.038760	0.020266	0.000000	-0.012024	0.104376	-0.021915	0.015795	0.054998	-0.011118	0.061994	0.019945	0.041001	0.023394
0.050875	0.009982	0.010787	-0.012594	-0.000336	0.031311	-0.019389	0.019216	0.064036	0.027918	-0.026527	0.010611	0.032411	0.014271
0.013982	0.001044	0.008132	0.044203	0.022271	0.041424	0.149406	0.105507	0.034436	-0.004350	0.055990	0.002874	-0.005557	-0.026954
0.041603	0.053290	0.009638	0.007519	0.022259	0.086264	0.105458	0.098419	0.071484	0.018065	0.031250	0.025335	-0.000324	-0.000105
0.023046	0.002198	-0.017294	-0.012484	-0.011064	-0.021685	-0.001460	0.028254	0.013543	-0.015163	-0.021718	-0.025944	-0.018859	-0.012847
0.003041	0.009474	-0.014875	-0.003086	0.008472	0.014722	0.029088	0.077048	0.049192	0.002893	-0.005504	-0.001917	0.003416	-0.002032
0.022592	0.030277	0.023584	-0.003096	0.004209	0.150694	0.042240	0.128415	0.081394	0.045317	0.035941	0.003829	0.055963	0.031618
0.015805	0.004987	0.035986	0.045001	0.008366	0.025893	0.055570	0.010811	-0.002217	0.017172	0.076435	0.011487	-0.004923	0.062630
0.012664	0.033681	-0.004021	-0.019803	-0.000641	-0.082088	-0.082878	-0.016024	-0.074392	0.010799	-0.048134	-0.008884	0.039289	0.014799
-0.048269	0.027560	0.007111	-0.014996	-0.046932	-0.068166	-0.109221	-0.012428	-0.059883	-0.024504	-0.081732	-0.033388	-0.009982	-0.036371
-0.021991	0.017279	0.015023	-0.004970	0.003020	0.087629	0.061102	0.044681	0.092779	0.036555	0.006814	0.024686	0.032099	0.039535
-0.035690	-0.030285	-0.013337	-0.007382	-0.022016	-0.025260	-0.029480	-0.019040	-0.024174	-0.046949	-0.067924	-0.016478	-0.015182	-0.017963
-0.032063	-0.088327	-0.072022	0.029670	-0.019364	0.044351	0.053542	0.060488	0.031083	0.017249	0.080906	0.028640	0.015909	0.042263
-0.009623	-0.009787	-0.000466	-0.032303	-0.015128	-0.032791	-0.024356	-0.001327	-0.027149	-0.003443	-0.069773	0.015762	-0.028045	-0.035755
-0.046079	0.018738	0.000827	0.019225	0.044714	0.011998	-0.034033	0.031750	-0.005516	-0.004122	0.015696	-0.007250	0.004157	0.125402
-0.048380	-0.036852	-0.015421	-0.028175	-0.022974	-0.039970	-0.004566	-0.062712	-0.044448	-0.022318	-0.030046	-0.056620	-0.025691	-0.000769
-0.036068	-0.024196	-0.014340	-0.020033	-0.075334	-0.008904	-0.070781	-0.035728	-0.020883	0.004215	-0.007319	0.047763	-0.006094	-0.050484
0.079774	0.031619	0.034438	0.048517	0.043533	0.057356	0.057886	0.009516	0.070847	0.029099	0.116357	0.052657	0.065472	0.074217
0.023826	0.044506	-0.017833	-0.006207	-0.039770	0.007853	0.075850	0.006607	0.017150	0.022160	0.006923	-0.004270	-0.002729	0.013760
-0.093100	-0.020484	0.009842	-0.016661	-0.006029	0.018817	-0.044217	-0.013257	-0.009319	-0.014473	-0.001044	0.000329	0.033226	0.041444
-0.044991	0.025612	-0.000990	0.007761	0.013141	-0.024419	0.037319	0.022619	-0.004688	0.040802	0.060222	0.023898	0.007618	0.034773
0.018541	0.019287	0.008619	0.017483	0.023591	0.043425	0.034305	0.069739	0.014780	0.007325	0.004172	0.005047	0.006887	0.049193
-0.018933	-0.022069	-0.018735	-0.021599	-0.033336	-0.003231	0.014663	0.012953	0.003849	0.000663	-0.015990	-0.002400	-0.014638	-0.015663
0.033594	0.052809	0.021678	0.057509	0.007131	0.048454	0.042216	0.059135	0.061171	0.015096	0.011081	-0.009740	0.012573	0.050349
-0.012795	0.002734	0.002368	0.018607	0.003360	0.094609	0.036452	0.097037	0.075917	-0.010465	-0.015320	-0.007796	0.000967	-0.031568
-0.039798	-0.049134	0.000103	-0.009941	0.015533	0.033121	-0.027018	-0.015719	0.010671	0.022114	0.082440	0.000896	-0.005097	-0.004862
-0.128106	0.067452	0.052586	-0.002501	0.022856	0.055449	-0.016834	0.023031	-0.014034	0.000000	0.009010	-0.050963	0.046100	0.056224
0.030758	0.028682	0.001024	0.018941	0.001792	-0.008167	0.060469	-0.017454	-0.019021	-0.006438	0.023366	0.000000	-0.039233	-0.031223
0.051824	0.012518	-0.013005	-0.036392	-0.013699	-0.055459	-0.060203	-0.049395	-0.041309	0.017952	-0.032377	-0.006018	-0.028330	0.005731
-0.031698	0.009529	-0.003477	-0.016129	0.016559	-0.018416	-0.011200	0.043818	-0.018028	0.007628	0.098534	-0.004494	-0.027871	0.036232
-0.020528	0.008565	0.000547	-0.002865	-0.000720	-0.047583	-0.010243	-0.026443	-0.021332	0.003792	-0.015598	-0.015714	0.056201	-0.022569
-0.046168	0.008070	0.009010	-0.036518	0.006821	-0.072234	-0.116835	-0.151156	-0.080473	-0.007599	0.028398	0.009981	0.031950	0.024540
0.002900	0.030936	0.036153	0.001486	0.001787	0.034494	0.055092	0.041428	0.018358	0.009490	0.106462	0.015559	0.042091	-0.011679
0.027281	-0.020926	0.021350	0.016939	0.001428	-0.031878	0.095834	-0.040092	-0.026449	-0.001891	-0.032415	0.015659	-0.000761	0.055325
0.040312	-0.004912	-0.013302	0.022148	0.007461	-0.066423	0.043301	-0.009831	-0.006528	0.030984	-0.026453	0.006229	-0.002681	-0.031095
-0.042568	-0.020094	0.005736	0.008299	0.012663	-0.072948	-0.033400	-0.115037	-0.068519	-0.014751	-0.044717	-0.005301	0.026837	-0.027878
-0.044957	-0.014126	-0.018406	-0.019793	0.003141	-0.008445	0.060853	0.028802	0.006979	0.006152	0.014717	-0.000928	-0.017559	-0.074559
0.015475	0.008900	0.009363	0.001204	0.003131	0.057663	0.106141	0.064905	0.076159	0.027312	-0.001214	0.002193	0.015687	0.006295
-0.095815	0.012353	-0.106633	-0.014051	0.033473	0.036492	-0.026004	0.050101	0.041816	0.020758	-0.061819	0.000000	-0.025210	-0.022320
0.066061	0.001936	0.022431	0.029092	0.065651	0.076899	0.056470	0.058465	0.048271	0.017451	0.117190	0.052199	0.035616	0.056214
0.075637	0.053803	0.051162	0.040860	0.052095	0.022710	0.112971	0.002056	0.020416	0.018253	0.024335	-0.003846	0.030444	0.072057
0.013220	0.039995	0.004481	-0.005574	-0.024178	0.037223	-0.012624	0.050062	0.012189	-0.017098	0.009389	-0.001446	0.021784	0.016921
-0.044488	0.032360	0.019230	-0.005108	0.071545	0.037741	0.014334	0.003897	0.051397	0.002272	0.156712	-0.045728	0.003353	-0.036704
0.027073	-0.040241	-0.013135	0.012951	-0.017356	-0.032679	-0.027315	-0.040092	-0.031316	-0.029143	-0.033846	-0.001347	0.007969	0.030482
0.010236	-0.002407	0.011118	-0.014116	0.018217	0.070718	0.059063	0.036195	0.053492	0.011787	0.008574	0.000000	-0.018765	0.039228
-0.017768	0.009720	-0.008060	0.000932	0.021823	-0.076596	0.003853	-0.016741	-0.039846	-0.023679	-0.003182	-0.013916	0.004568	-0.017267
-0.026978	-0.005345	-0.020316	-0.002564	-0.036253	-0.036023	-0.057277	-0.027996	-0.048218	-0.010215	-0.053977	-0.016542	-0.018181	-0.024461
-0.039244	0.006709	-0.033901	-0.026492	-0.033401	-0.074537	-0.014650	-0.105905	-0.093299	-0.012773	-0.087335	-0.036628	-0.026761	-0.024737
-0.041906	-0.000636	-0.022507	0.000479	0.037462	-0.012706	-0.022486	-0.096219	0.011445	0.017681	-0.000375	0.025358	0.028722	0.002225
0.051341	0.014793	0.019791	-0.013750	-0.009600	0.010507	0.040427	0.088925	0.031971	0.023561	0.060767	0.006568	-0.023094	-0.022066
0.021543	0.032494	-0.014781	0.024473	0.041792	-0.027889	-0.053595	0.015435	-0.009484	-0.017936	0.032945	0.032545	0.055274	0.007546
-0.003664	-0.029019	0.007624	0.019249	-0.127502	0.086636	0.081798	0.014755	0.067563	0.001868	0.019359	0.025442	0.004365	0.011957
0.037051	-0.012627	0.019495	0.013166	0.006982	0.062332	0.038339	0.036606	0.037162	0.020321	0.021365	0.034804	-0.014570	-0.007116
0.047711	0.023685	-0.011159	-0.038597	0.008503	0.023598	0.046117	0.033658	0.022631	0.030012	0.056534	-0.003107	0.067844	-0.051784
-0.011064	-0.017986	-0.033349	-0.002875	0.025083	0.090495	0.002931	0.082553	0.043781	-0.004127	-0.052820	0.014576	-0.030243	0.011466
0.100170	-0.038349	-0.013292	0.001211	-0.020887	0.038802	0.055426	0.032790	0.066043	-0.007153	0.044964	0.002749	-0.003916	-0.043712
-0.002611	0.015402	0.000432	0.004588	0.088713	-0.044033	-0.025907	-0.088403	-0.020893	-0.010245	-0.041771	-0.028639	0.017515	0.016071
-0.027930	-0.027152	-0.017134	-0.005072	-0.039624	-0.067341	-0.044611	-0.053776	-0.051189	-0.023820	-0.096347	-0.031730	-0.047745	-0.066282
0.022326	0.037862	0.004161	0.012512	-0.069742	0.023563	-0.016034	0.015184	0.033767	-0.008091	0.057661	0.069892	-0.006934	-0.041208
-0.069219	0.010732	0.048730	0.002865	0.058602	0.064112	0.084433	0.036576	0.049531	0.006233	0.039192	0.048298	0.002632	0.072903
0.005385	0.015668	-0.011251	0.012322	-0.007293	0.040291	0.039685	0.044207	0.045423	0.032905	0.020606	0.002292	0.046698	0.005786
0.032292	-0.030033	-0.016449	0.007976	0.014532	-0.018685	0.009525	0.019121	-0.066081	0.004812	-0.013408	-0.009572	-0.002166	0.042538
0.000580	-0.004621	-0.015202	-0.012224	0.018169	0.091646	0.089714	0.111873	0.064895	0.020675	0.018979	0.008168	-0.016012	-0.015121
0.020045	-0.000413	0.011127	-0.003079	0.007352	0.037527	0.046494	0.034946	0.051976	-0.007044	0.063196	0.045538	0.013148	-0.018541
0.032108	0.148323	-0.068816	0.027611	0.024028	0.034391	0.062808	0.038496	0.021160	0.044352	0.048537	0.066030	0.036573	0.047566
0.032993	0.003740	0.017512	0.007587	0.021786	-0.058624	-0.075363	-0.003942	-0.008298	-0.002843	-0.033910	-0.029128	0.007816	-0.024879
-0.011339	0.011595	0.013368	0.064095	-0.005613	0.046091	-0.008412	0.044040	0.016528	0.021802	-0.075709	-0.008343	-0.000549	-0.010802
0.006840	-0.010778	0.009587	0.002273	0.061402	-0.028326	0.022051	-0.055159	-0.039571	0.016453	-0.003102	-0.003440	0.028661	0.012181
0.008474	0.017106	0.017623	0.023374	0.001587	-0.053294	-0.050139	-0.020986	-0.034709	-0.021442	0.008806	0.009874	0.011559	0.047153
-0.009935	-0.001617	-0.010371	0.017856	0.000394	0.031747	0.046611	0.006505	0.015770	-0.021912	0.044274	-0.006160	0.010895	0.038462
0.067450	0.026490	-0.008976	-0.021465	0.014796	0.011300	-0.003541	0.020057	0.030808	0.009058	0.013254	0.004042	0.023384	0.012565
0.007078	0.009655	-0.011250	-0.004477	0.006014	-0.037200	-0.081545	-0.038047	-0.050703	-0.025658	-0.071573	-0.058354	-0.022548	-0.039886
-0.010032	-0.008523	-0.027793	-0.024004	-0.044511	-0.024594	0.049664	-0.009950	-0.022716	-0.001734	-0.063519	0.018813	-0.006056	-0.020032
-0.009806	0.036860	0.040933	0.025285	0.002994	0.057102	0.004216	0.058269	0.071168	0.026276	0.009766	0.040361	0.041358	0.018732
0.019963	0.016025	0.027720	0.029646	0.013227	0.015867	0.037169	0.000000	0.012313	0.022271	0.016032	0.021894	0.035455	0.002940
-0.034715	-0.012054	0.008393	-0.008321	-0.010243	0.006459	-0.017174	0.003140	0.006097	0.002773	-0.000516	-0.018961	-0.022075	0.001637
-0.014974	0.022532	0.003316	0.027405	-0.023853	0.081246	0.004116	0.065958	0.054852	-0.003865	0.073149	0.004486	-0.016403	0.118586
0.014400	0.017846	0.015000	-0.020535	0.009390	0.009286	-0.010183	0.030350	0.024295	-0.008878	0.080997	0.034198	0.021356	0.050815
0.009938	-0.023480	-0.056543	-0.009380	0.011750	-0.064204	-0.048023	-0.053356	-0.013883	-0.002208	-0.067735	-0.006971	-0.021755	-0.045080
-0.086940	0.049594	-0.016615	-0.018175	0.027597	0.000000	0.010107	0.023006	0.040094	0.004443	0.015256	0.029008	-0.012489	0.012265
0.043374	-0.002994	0.008688	0.015238	-0.034412	0.019523	0.039712	0.030350	0.041896	0.018163	-0.010868	0.002241	-0.025140	-0.002322
0.045718	0.021310	0.035688	0.036688	0.028581	0.056377	0.008387	0.029454	0.030081	0.016230	0.119609	0.024702	0.057407	0.027164
-0.035057	0.000823	-0.004912	0.020281	0.016995	-0.031213	0.080085	-0.011119	0.015618	0.000516	0.025575	0.016954	0.002966	0.014511
0.001883	0.009804	0.012936	0.015933	0.008651	-0.012068	0.032941	0.009735	0.023425	-0.008078	-0.025426	-0.005784	0.014677	0.022331
0.007949	-0.000708	0.013464	-0.044030	-0.010760	0.017196	0.027260	0.057159	0.013267	0.033497	-0.035238	-0.019756	-0.062039	-0.042368
-0.010899	-0.035177	-0.029579	-0.015398	-0.005291	0.049075	-0.005728	-0.013158	-0.056023	-0.022721	-0.066731	-0.020347	-0.017312	0.047164
0.015470	0.008693	0.024182	-0.025054	0.063211	0.048326	0.000000	0.037053	0.068248	0.024289	0.036732	-0.011630	0.031580	0.023045
0.007460	-0.053774	0.020047	0.039212	0.003480	0.010770	-0.022021	0.018337	0.041658	0.025760	0.045231	0.032228	0.012158	-0.013796
-0.009432	-0.030552	0.006907	0.001653	-0.010727	0.043420	-0.007491	0.048910	0.074583	0.001007	0.029919	0.011760	-0.003018	0.061312
-0.023227	-0.023359	0.017677	-0.020856	-0.016692	-0.088812	-0.049524	-0.099017	-0.078757	-0.024170	0.000281	-0.029600	-0.064563	-0.063409
0.010205	0.010312	-0.026897	0.029692	0.020198	0.039251	-0.025580	0.054484	0.014938	0.008833	0.005735	0.009436	0.008368	-0.016431
0.085750	-0.037865	-0.002002	0.017039	-0.002503	-0.010835	-0.005196	-0.025270	-0.009931	-0.008302	-0.028481	-0.026361	0.023026	-0.012147
0.035452	0.022508	0.009500	0.022866	-0.005528	-0.002337	0.025191	0.010185	0.023024	0.018563	-0.018533	-0.024268	0.043218	-0.007016
-0.006382	-0.017580	-0.001324	0.005397	-0.003786	-0.029286	-0.023456	-0.092148	-0.026359	0.004587	-0.023416	-0.011278	0.002000	-0.011804
0.020237	0.003656	-0.016016	0.014530	0.014338	-0.046024	-0.068993	-0.070483	-0.055782	-0.013826	-0.032007	-0.015169	0.032401	0.000290
0.027436	0.059776	-0.006005	-0.003906	0.007255	0.011707	0.032329	0.026472	0.044137	-0.017162	0.066075	0.020152	-0.001936	0.049868
0.030264	0.012925	-0.008534	-0.012802	0.020233	0.061260	0.055551	0.064629	0.059507	0.020745	0.001295	0.010956	0.026748	0.039269
0.019663	-0.006379	0.010844	0.007110	0.013104	0.057723	0.023661	0.086615	0.060766	0.028865	0.039468	0.000000	-0.008526	0.020966
-0.010292	-0.008249	-0.020655	0.016978	-0.006045	-0.002957	-0.021309	-0.024630	-0.045424	0.002990	-0.047601	-0.002062	-0.015319	-0.194334
-0.004062	0.008302	-0.005548	0.021061	0.010855	-0.020942	0.021309	-0.029195	-0.050958	0.023112	-0.003660	-0.007552	0.001448	-0.030575
0.011701	0.036843	0.000881	-0.003416	0.013583	-0.073701	-0.031675	-0.027361	-0.040434	-0.021311	-0.012246	-0.002620	-0.013099	0.002530
0.022043	0.012892	0.036845	0.010402	-0.010708	0.006488	0.011800	-0.001354	-0.001758	0.000000	0.045668	0.007438	0.026028	-0.012124
0.012576	-0.009537	-0.002815	-0.029403	0.006914	-0.065132	-0.063080	-0.050723	-0.033993	-0.002055	-0.022207	-0.045062	-0.038311	-0.083672
-0.008331	0.027083	0.023654	-0.017198	0.059940	0.011154	0.050092	-0.027459	0.020714	0.000000	0.015675	0.016004	-0.002973	0.004837
0.033736	-0.010236	0.009822	0.003738	-0.004261	0.024443	0.053977	0.039502	0.026385	0.029375	-0.009751	0.044362	-0.021442	0.004178
-0.015893	-0.039743	-0.027378	-0.038435	-0.037550	-0.021886	-0.066601	-0.077581	-0.020169	-0.032960	-0.142804	0.013258	-0.030662	-0.099240
-0.009603	0.004758	-0.007516	-0.021080	0.007902	-0.055108	-0.084365	-0.087427	-0.059296	-0.044850	-0.034496	0.024292	-0.006392	-0.076686
0.033627	0.008247	0.004011	-0.000211	0.036144	0.004486	-0.007888	0.025421	-0.005657	0.015000	-0.010543	0.002909	0.003042	0.040212
0.033520	0.015709	0.016041	0.015494	0.014232	0.032587	0.064731	0.062766	0.051578	0.025174	0.057246	0.015226	0.037238	0.041068
0.011579	-0.018993	0.009877	-0.006044	0.006182	0.020584	0.033521	0.011342	0.016029	0.015449	-0.022408	0.015794	0.030044	-0.001555
-0.035046	0.025017	-0.005737	-0.040744	0.010510	0.084604	0.038336	0.085004	0.082217	0.045847	0.050569	-0.009409	0.034195	0.036137
0.026817	-0.018009	0.000418	0.000218	0.017061	-0.018898	-0.041931	-0.027303	-0.014754	-0.035716	-0.050233	-0.014376	0.005199	-0.010257
-0.006910	0.034927	0.014120	0.011256	0.017406	0.001589	-0.047397	0.006368	-0.001653	-0.009628	-0.002685	0.006187	0.055876	-0.027437
-0.002082	-0.032359	-0.020518	-0.046254	-0.023636	-0.014389	-0.007582	-0.046185	0.004128	0.006605	-0.008438	-0.016077	-0.019802	-0.038685
-0.011279	-0.003159	-0.007340	-0.038139	-0.006919	-0.010522	-0.036310	0.003686	-0.040345	-0.010190	-0.067199	-0.024545	-0.021121	-0.066987
0.011081	-0.055007	-0.014629	-0.027542	-0.045725	-0.057782	-0.029516	-0.047466	-0.055543	-0.017551	-0.035461	-0.028562	-0.047507	-0.084158
-0.030849	-0.063147	-0.021089	-0.002410	-0.009126	-0.044060	0.000752	-0.028171	-0.006369	-0.017865	0.023793	-0.005758	0.020229	0.069677
0.074459	0.054459	-0.116191	0.017462	0.055719	0.058609	0.034739	0.085885	0.072154	0.039002	0.012393	0.032697	0.008545	0.044425
0.026078	0.035131	0.014212	0.030132	0.017620	-0.021470	0.045998	0.022328	-0.007672	0.024171	0.071386	0.043553	0.070289	-0.033762
0.013635	-0.032855	-0.007453	-0.018233	0.036185	-0.046190	-0.026574	-0.026707	-0.056302	-0.061575	-0.004234	0.007685	-0.014207	0.072747
0.046336	0.006247	0.012813	-0.026990	0.018319	-0.045567	0.019054	-0.016969	0.000000	0.001044	0.005405	0.011113	-0.017584	0.036743
0.019858	-0.012755	-0.019934	0.035512	-0.026516	0.094357	0.052823	0.049356	0.067360	0.027654	0.051121	0.018511	0.071112	0.018528
0.020901	0.008024	0.007738	-0.075887	-0.003549	0.029012	0.003045	0.040895	0.047098	0.017142	0.033239	0.012982	0.024688	0.068789
-0.033603	-0.031059	0.006760	0.016646	0.012678	-0.005903	0.032901	0.024692	0.017602	0.012783	-0.001860	0.012406	0.000000	0.035630
-0.046909	-0.012645	-0.049532	-0.098216	-0.030830	-0.085628	-0.066921	-0.107924	-0.030599	-0.064562	-0.071093	-0.040608	-0.069760	-0.064240
0.018510	-0.004464	0.019944	0.083602	0.015009	-0.021426	0.016549	0.015725	-0.004098	0.015587	0.011278	0.016418	0.010582	-0.030209
0.019578	0.033667	0.023875	-0.010717	0.004605	0.033335	0.040472	0.019132	0.024335	0.014838	0.005256	0.026816	0.010471	0.023353
-0.041740	-0.017416	-0.001726	-0.022310	-0.023670	-0.010068	-0.026047	0.000729	-0.016971	-0.014838	-0.017867	-0.011371	-0.019281	0.012937
0.024217	-0.056118	-0.018371	-0.041237	0.009154	-0.101585	-0.030975	-0.060033	-0.075300	-0.046998	-0.017853	-0.015206	0.001328	0.001751
-0.055243	0.023720	-0.012459	0.034394	-0.020337	0.062181	0.034681	0.054189	0.093072	0.035723	0.067356	0.019324	0.089144	0.013109
0.063866	0.060838	-0.008115	0.027099	0.020125	0.073767	-0.021096	0.072747	0.045388	0.050540	0.091631	0.023956	0.034949	0.044952
0.036330	-0.010107	-0.016560	-0.001801	-0.155140	-0.071854	0.027548	0.046582	-0.006137	-0.003600	-0.011221	-0.004999	-0.000391	0.010334
0.018933	-0.006607	0.028989	0.058517	0.048554	0.053916	0.005890	-0.001952	-0.009284	-0.012955	0.042199	-0.010481	-0.022104	-0.082343
0.066282	0.033355	0.023210	0.032944	0.033846	0.000906	0.008188	0.034575	0.090566	0.031344	0.109072	-0.004843	0.009535	-0.028874
0.018864	-0.018494	0.020059	-0.015623	0.006863	0.055399	-0.017628	0.032200	0.030063	-0.003055	0.070546	0.020782	-0.015547	-0.013097
-0.008063	0.035453	-0.010504	0.003868	-0.000228	0.016963	0.073383	0.003649	0.027177	0.022074	0.008191	0.030968	0.058878	-0.014756
-0.014585	0.016491	-0.021471	-0.026655	-0.034570	0.029013	-0.001102	0.013270	-0.008078	-0.003480	0.000465	-0.011733	0.012046	-0.001174
-0.024063	-0.036533	-0.026986	-0.070587	-0.023407	0.013792	0.052285	0.050244	0.029298	-0.005971	0.035903	0.020415	0.058486	-0.003453
0.018518	0.023546	0.054245	0.064372	0.035608	0.015195	0.010873	-0.006288	0.025269	0.023751	-0.059589	0.006805	0.015753	0.068940
-0.021273	-0.021684	-0.015343	-0.012295	-0.045565	-0.010371	0.002069	0.008564	0.004466	-0.002453	-0.002259	0.024045	-0.033914	-0.068155
0.016656	-0.023639	0.000312	0.001009	-0.016737	0.027680	0.024609	0.014674	0.013288	0.010246	0.011517	0.023324	-0.002521	-0.026019
0.014104	0.008331	0.014909	0.046566	0.034877	0.009317	0.067461	0.022709	0.000629	0.017335	0.054926	0.038223	0.051943	0.018688
-0.018662	-0.030000	-0.013538	0.031982	-0.002400	-0.077085	-0.023949	-0.067977	-0.064873	-0.002881	0.010793	-0.029654	-0.090872	-0.059997
0.043374	0.075345	0.055151	0.013202	0.139908	0.068547	0.035195	-0.003523	0.030364	0.021309	0.071176	0.028448	0.013389	0.006532
-0.010261	-0.049264	0.022653	-0.005306	0.016368	0.005442	-0.036161	0.025553	-0.019698	-0.013201	-0.031177	-0.029690	-0.040726	0.009718
-0.006199	0.000595	0.001822	0.001917	-0.018878	0.013857	0.028678	0.027150	0.042199	0.000945	0.007204	0.014853	0.021698	0.065194
0.008971	-0.008152	0.003353	0.002339	0.011452	-0.033428	0.013059	0.031854	0.055037	0.025758	-0.022222	-0.017757	-0.017477	0.040670
0.028856	0.011658	-0.006021	-0.007268	-0.022936	0.039500	0.044604	0.013956	0.029075	0.011479	0.084426	0.036256	0.049725	-0.033955
-0.017198	-0.014923	-0.015035	-0.024775	-0.000853	-0.013255	0.007945	-0.001066	-0.020509	-0.008721	-0.044282	0.000651	-0.043169	-0.040181
-0.012590	0.002290	-0.013351	-0.021947	-0.015484	-0.007090	-0.016052	-0.025948	-0.021558	-0.035176	-0.023875	0.015396	-0.022312	-0.034542
-0.011571	-0.001877	-0.002452	0.005900	-0.003691	-0.007936	-0.017122	-0.019353	0.012992	-0.011035	0.025355	0.005946	0.008280	-0.013855
-0.004492	0.008157	0.000000	0.008542	0.002824	-0.020121	0.025229	-0.020305	-0.009885	0.000961	-0.026975	-0.016847	0.002742	-0.048299
0.001184	-0.009360	-0.009204	0.004848	-0.018389	0.049177	0.042510	0.074637	0.076458	0.034248	0.062672	0.052978	0.040292	0.018354
-0.002449	-0.015715	-0.002239	-0.001452	-0.019184	-0.065571	-0.061799	-0.077491	-0.069653	-0.027804	-0.031582	-0.038535	-0.054884	-0.019678
-0.025310	0.012776	0.011204	-0.034244	0.004719	0.013952	0.059153	0.010234	0.032751	0.041656	-0.041450	0.031089	0.053379	0.055739
0.050149	0.238519	0.032761	-0.019743	0.044072	0.028917	0.027808	0.028987	0.059642	0.011317	0.022117	0.041861	0.031150	0.043881
-0.040301	-0.076196	-0.076845	-0.067406	-0.014693	-0.024850	-0.010361	0.047219	-0.009036	-0.001861	-0.022343	-0.006596	-0.044424	-0.003925
-0.026039	0.003282	0.013925	0.010879	0.016408	-0.020502	0.007781	0.038556	-0.006830	-0.002356	-0.084643	-0.011834	0.024878	-0.033462
-0.044307	0.015370	-0.035068	-0.018960	0.000856	0.041386	0.017107	-0.030204	-0.019024	-0.000467	0.047552	0.000000	0.002608	-0.017160
0.003802	0.033769	0.004053	0.002519	0.005547	-0.016026	-0.001725	0.012910	-0.014069	0.008444	-0.053892	-0.028825	-0.043258	-0.024184
-0.092073	-0.070350	-0.045313	-0.075464	-0.080748	-0.064217	-0.048590	-0.077865	-0.069033	-0.041985	-0.118467	-0.064599	-0.086620	-0.088577
0.068778	0.028807	-0.005862	0.002710	0.019771	0.006868	-0.010740	0.001108	0.025599	0.018335	0.024981	0.022666	0.027110	0.016869
-0.036129	-0.048227	-0.029349	-0.080093	-0.030509	-0.043713	-0.009980	-0.034952	-0.032582	-0.014453	-0.068090	-0.051044	-0.031778	0.038287
0.044217	0.040887	0.025219	0.010047	0.020212	0.018592	0.047913	0.017630	0.006982	0.019705	0.044194	-0.008069	0.010151	0.026652
-0.006677	0.005546	-0.019598	0.002576	0.000000	0.001753	-0.025477	-0.004520	-0.026275	0.008528	-0.000404	0.020493	-0.032921	-0.002092
0.011045	-0.027845	0.006277	-0.021457	0.010524	-0.010563	0.006265	-0.000566	0.016102	0.009871	-0.126305	-0.018588	0.013809	0.007217
-0.038478	0.024120	-0.005793	0.066426	0.036425	0.000884	0.031299	0.010146	0.005734	0.014373	-0.011405	-0.019641	-0.030462	0.068958
0.015641	0.026290	0.052610	0.100552	0.033236	0.036463	0.025265	0.011709	0.011999	0.001392	0.147793	0.053724	-0.016033	0.058958
-0.009679	0.028475	-0.013211	-0.002785	0.008455	-0.008561	0.025515	-0.003331	0.021735	0.025417	0.036771	0.006872	-0.012650	0.012199
0.069905	0.058366	-0.038708	-0.003912	0.106896	0.042092	0.024114	0.036050	-0.012361	0.025243	0.064539	0.024752	0.057007	0.022195
0.003521	0.012472	-0.032311	-0.000560	-0.004360	-0.030978	-0.010349	-0.018409	-0.015039	0.011744	0.035740	-0.025919	0.041645	-0.035462
0.017241	0.031777	-0.003814	0.000152	0.042401	0.011835	-0.020236	0.015722	0.002523	0.003016	0.081190	-0.005245	0.017158	0.037964
-0.074756	-0.023106	-0.048157	-0.051099	-0.038609	-0.069593	0.017050	-0.017363	-0.016510	-0.009528	-0.035923	-0.088953	-0.030848	-0.043550
0.060111	0.053759	0.049964	0.030971	0.031946	-0.025549	0.037830	0.007634	-0.003204	0.021524	0.036343	0.018139	0.052873	0.028000
-0.012568	-0.008415	-0.000289	0.011551	-0.004809	0.024647	0.013118	0.008894	0.031608	0.004740	0.011331	-0.012629	-0.003174	-0.026543
0.010302	0.021819	0.014128	-0.064022	0.036056	-0.033000	0.021168	-0.004437	-0.015049	0.008560	-0.013159	-0.022961	-0.077232	0.035237
-0.050396	-0.037117	-0.042625	-0.059267	-0.033649	-0.055569	-0.037364	-0.064872	-0.047873	-0.017193	-0.055461	-0.029741	-0.038070	-0.038999
-0.065257	0.000595	0.002449	-0.021005	0.001294	0.006873	-0.011731	0.035541	0.022928	0.018048	0.045403	0.006531	0.032905	0.056889
0.018687	0.012220	0.024530	0.063294	0.028053	0.009736	-0.036830	0.011383	0.000648	0.002558	0.035578	0.023494	0.002157	0.026249
-0.025976	0.013906	-0.004567	-0.027140	-0.003419	-0.004857	0.022568	0.005644	-0.000648	0.010578	-0.009704	0.009886	-0.002582	0.005858
-0.082135	-0.060303	-0.044501	-0.078152	-0.058453	-0.094065	-0.015249	-0.104299	-0.063501	-0.016535	-0.118717	-0.054467	-0.108438	0.024057
0.001752	-0.028421	-0.012230	0.008610	-0.025940	-0.060865	-0.096822	-0.022103	-0.033687	-0.013357	-0.108859	0.002668	-0.032275	-0.091895
0.043220	0.043396	-0.059654	0.039999	0.025176	-0.096357	-0.040101	-0.012207	-0.031911	0.026082	0.051245	0.039867	0.048031	0.043187
-0.041060	0.024112	0.018521	0.064436	0.052163	-0.118408	0.022055	-0.049017	-0.036012	0.040549	-0.014657	0.023501	-0.020583	-0.053863
-0.029291	-0.083300	0.029841	-0.060818	-0.093750	-0.105111	-0.067575	-0.109669	-0.093634	-0.045615	-0.059611	-0.076419	-0.070096	-0.044438
-0.000319	-0.001713	-0.050190	-0.027486	0.006755	0.029614	-0.046818	-0.118068	0.005024	-0.023623	-0.071857	-0.022688	-0.017058	-0.038368
0.021576	0.026763	0.094829	0.024844	0.032957	-0.028988	0.035080	0.018581	-0.028793	0.015965	0.151788	0.044580	0.033820	0.093180
0.009018	0.005918	-0.007921	-0.025533	-0.010085	0.056569	0.032871	0.042595	0.004289	0.031546	0.039939	0.047389	-0.002042	0.003234
0.061043	0.008221	0.042774	0.071518	0.014130	0.073516	0.011360	0.065940	0.076546	-0.014601	0.049375	0.013950	0.006728	0.059754
-0.007308	0.022161	0.032556	-0.019450	0.019791	0.106733	0.069914	0.085572	0.079923	0.015430	-0.053490	-0.005756	-0.005397	0.033253
0.035165	0.014723	0.032686	0.025211	0.007883	-0.094718	-0.023985	-0.073630	-0.092681	0.013980	0.039486	-0.006851	0.013186	-0.031204
-0.002363	-0.003123	0.005830	-0.029476	0.013371	-0.056968	-0.005409	-0.048643	-0.034290	0.022191	-0.013509	-0.014411	0.032124	-0.035349
0.040068	0.019675	0.030421	-0.028340	0.024778	-0.115631	0.014328	-0.022844	-0.015062	-0.012051	0.007545	-0.022188	-0.013760	0.002483
-0.012166	-0.014452	-0.021003	0.019425	-0.020912	-0.009724	0.057959	0.005561	-0.033436	0.019021	-0.041199	0.009807	0.006410	-0.014327
0.010892	0.026501	0.015744	0.016448	0.022350	0.112631	-0.005058	0.040379	0.064973	-0.003980	0.055525	0.018542	0.038086	0.024561
-0.038700	-0.054460	-0.021452	0.047780	-0.072078	0.057426	0.034882	0.106044	0.004893	-0.041653	0.010004	-0.021820	0.042600	-0.018143
-0.119891	-0.036497	-0.017389	0.043518	-0.037584	-0.040087	0.016221	-0.017955	-0.016394	0.021346	-0.035656	-0.035289	-0.090561	-0.002946
-0.004871	0.025797	0.018812	-0.042807	0.010373	-0.096378	-0.011336	-0.118219	-0.083565	-0.008551	-0.039324	0.005356	-0.004897	-0.083799
-0.024013	-0.000408	0.002915	-0.003489	0.013600	-0.050881	-0.004099	0.020955	-0.000895	-0.002466	0.026172	0.004146	-0.016812	-0.010885
0.050619	-0.001535	-0.003187	0.014511	-0.002076	0.031105	-0.017186	0.020525	0.039668	0.001644	-0.010707	0.023366	-0.071120	0.001215
0.052474	0.031783	0.037260	0.013377	0.033032	-0.006010	0.070361	0.081605	0.080396	0.023093	0.049452	0.032659	-0.048159	0.024791
-0.024513	-0.014186	0.000327	-0.014944	-0.010182	-0.124672	0.004794	-0.085374	-0.063068	-0.009244	-0.044582	-0.034104	0.045923	-0.017932
0.009250	-0.004065	-0.003407	0.010609	-0.006004	-0.102162	-0.022516	-0.077717	-0.049107	-0.015494	-0.027659	-0.081586	-0.015113	-0.093061
-0.036057	-0.039250	-0.002497	0.016316	-0.026574	0.013356	-0.031441	-0.025632	-0.031841	-0.006180	-0.024763	-0.022844	0.000909	-0.007086
-0.020453	-0.024143	-0.036175	0.006998	-0.006002	-0.150013	-0.056391	-0.117155	-0.159065	-0.040291	-0.077628	0.000962	-0.005008	-0.026572
0.026310	0.034913	0.038541	0.087618	0.026341	-0.102902	0.080468	-0.019971	-0.035091	0.102039	0.016741	0.084497	0.034210	-0.004575
0.008205	0.009140	0.013755	-0.002225	0.022038	0.017465	-0.005111	0.016199	0.046520	-0.018534	-0.029878	-0.010961	0.002533	-0.005517
0.021489	0.019952	0.033863	0.017661	0.026417	0.134318	0.032762	0.098056	0.092724	-0.026372	0.066988	0.033683	0.032144	0.049909
-0.001216	0.031303	0.014231	-0.019054	0.052066	0.047479	0.013136	0.017836	0.012864	0.009558	0.014679	-0.014213	-0.019575	-0.100499
0.054728	0.034472	-0.008987	-0.041845	0.001943	-0.041989	0.035260	0.053268	0.007132	0.007006	0.035909	0.027091	0.044088	0.030566
0.036299	0.017318	0.017772	-0.018914	0.022332	-0.113402	-0.007905	-0.017714	-0.036180	-0.008247	-0.014676	0.003123	-0.003644	-0.014212
0.006492	0.001278	-0.000926	0.017641	-0.000345	0.078115	0.000000	0.050684	0.039221	-0.010406	-0.014500	0.025467	0.022994	0.051150
0.010849	-0.010009	-0.011864	0.017336	0.000675	-0.089937	-0.052966	-0.057203	-0.077305	-0.038384	-0.037538	-0.027169	-0.018000	-0.058813
-0.022377	-0.007612	-0.010805	-0.004964	0.007090	0.122483	0.015775	0.059517	0.096353	0.015103	-0.002051	-0.019207	0.006724	-0.001443
0.007360	0.002492	0.007739	0.009904	-0.006223	0.074043	0.004930	0.052525	0.084692	0.002993	0.015890	0.039165	-0.021571	0.031749
-0.043638	-0.015414	-0.024491	-0.004357	-0.025642	-0.005965	0.028285	0.005105	-0.011932	-0.012892	-0.004998	-0.015426	0.000948	0.037533
0.108246	0.012064	-0.011954	-0.030744	0.018333	-0.172625	-0.027465	-0.107383	-0.072759	-0.029407	-0.062726	-0.033629	-0.045648	-0.062086
-0.019418	0.023166	0.007383	0.019326	0.003139	0.087011	0.017858	0.000000	-0.008978	0.013275	0.042620	0.049889	0.007681	0.002387
0.003012	-0.012288	0.024664	0.034726	0.002956	-0.036023	0.011200	-0.064377	-0.011083	0.008317	0.010445	-0.001670	-0.022664	-0.056906
